---------------------------------------------------------
| id    | # | T[s]  | speed[m/s]    | speed[km/h]   |
---------------------------------------------------------
| -1    | 27    | 527   |         10.15 |         36.54 |
| 1 | 3010  | 782   |          6.84 |         24.62 |
| 2 | 404   | 782   |          6.84 |         24.62 |
| 3 | 339   | 1095  |         4.885 |         17.59 |
| 4 | 37    | 887   |          6.03 |         21.71 |
| 5 | 33    | 943   |         5.672 |         20.42 |
---------------------------------------------------------
| all   | 3850  | 836   |        6.7363 |       24.2507 |
---------------------------------------------------------
