---------------------------------------------------------
| id    | # | T[s]  | speed[m/s]    | speed[km/h]   |
---------------------------------------------------------
| -1    | 84    | 508   |         10.53 |         37.91 |
| 1 | 9352  | 754   |         7.094 |         25.54 |
| 2 | 1215  | 728   |         7.348 |         26.45 |
| 3 | 1042  | 1070  |         4.999 |            18 |
| 4 | 109   | 929   |         5.758 |         20.73 |
| 5 | 98    | 936   |         5.715 |         20.57 |
---------------------------------------------------------
| all   | 11900 | 821   |        6.9071 |       24.8657 |
---------------------------------------------------------
