---------------------------------------------------------
| id    | počet | T[s]  | rychlost[m/s] | rychlost[km/h]|
---------------------------------------------------------
| -1    | 24    | 527   |         10.15 |         36.54 |
| 1     | 3207  | 752   |         7.113 |         25.61 |
| 2     | 372   | 719   |         7.439 |         26.78 |
| 3     | 349   | 1072  |          4.99 |         17.96 |
| 4     | 37    | 938   |         5.703 |         20.53 |
| 5     | 32    | 886   |         6.037 |         21.73 |
---------------------------------------------------------
| all   | 4021  | 816   |        6.9053 |       24.8592 |
---------------------------------------------------------
