---------------------------------------------------------
| id    | # | T[s]  | speed[m/s]    | speed[km/h]   |
---------------------------------------------------------
| -1    | 33    | 478   |         11.19 |         40.29 |
| 1 | 3135  | 730   |         7.327 |         26.38 |
| 2 | 439   | 685   |         7.809 |         28.11 |
| 3 | 354   | 1045  |         5.119 |         18.43 |
| 4 | 35    | 964   |         5.549 |         19.98 |
| 5 | 33    | 978   |         5.469 |         19.69 |
---------------------------------------------------------
| all   | 4029  | 813   |        7.0772 |       25.4780 |
---------------------------------------------------------
